上下砖机
9101 00 00 00 00 00 00 00 00 00 01 FFFE


下砖机   50片 32   
  1有砖 有需求 离开   9101 00 01 00 01 00 32 01 00 00 01 FFFE
  1有砖 有需求 介入   9101 00 01 00 01 00 32 01 01 00 01 FFFE
  
  2有砖 有需求 离开   9101 00 00 01 00 01 32 01 00 00 01 FFFE
  2有砖 有需求 介入   9101 00 00 01 00 01 32 01 00 01 01 FFFE
  
上砖机   50片 32   
  1无砖 有需求 离开   9101 00 00 01 01 00 32 01 00 00 01 FFFE
  1无砖 有需求 介入   9101 00 00 01 01 00 32 01 01 00 01 FFFE
  
  2无砖 有需求 离开   9101 00 01 00 00 01 32 01 00 00 01 FFFE
  2无砖 有需求 介入   9101 00 01 00 00 01 32 01 00 01 01 FFFE


  
摆渡车
头	设备 状态  目标值 任务 下砖点 上砖点 完成 货 操作 下光 上光  预  尾
9501 00   00   0000   00   0000    0000   00  00  01  00   00    00  FFFE

9501 00   00   0000   00   0000    0001   00  00  01  00   00    00  FFFE

9501 00   00   0000   01   0022    0022   01  00  01  01   01    00  FFFE
状态：00 停止，01 前进，02 后退， FE 故障
任务：01 定位 05 复位  7F 终止
轨道号： 
下砖轨道：
101 65 
102 66 
103 67 
104 68
储砖入轨道：
201 C9
202 CA
203 CB
204 CC
205 CD
206 CE
207 CF
208 D1
209 D2
210 D3
211 D4
212 D5

停止， 9501 00 00 0000 00 0000 0000 00 00 01 00 00 00 FF FE

状态
9501 00 00 0000 00 0000 0000 00 00 01 00 00 00 FF FE
坐标
9503 00 0001 0000 0201 0000 0021 00 00 00 00 FFFE
9503 00 0001 0000 0201 0022 1421 00 00 00 00 FFFE

运输车
9701 00 00 0101 01 01 01 01 01 01 F0A0 00D0 0001 00 01 01 02 03 00 02 04 0F 01 00 01 01 FFFE